1.07234	0.425
1.02128	0.376
1	0.408
1.08511	0.407
1.14894	0.363
1.08936	0.441
1.02979	0.383
0.965957	0.367
1.05532	0.47
1.1617	0.386
1.15745	0.391
0.859574	0.42
1.0766	0.358
0.931915	0.408
0.991489	0.366
1.15745	0.344
1.02979	0.369
1.04255	0.453
1.02553	0.434
1.04681	0.4
0.944681	0.367
1.12766	0.498
1.02553	0.401
1.11915	0.44
1.08085	0.311
1.01702	0.389
0.948936	0.437
1.05106	0.465
1.14468	0.427
1.04681	0.4
0.92766	0.406
0.965957	0.399
1.05957	0.501
1.07234	0.429
1.11489	0.414
1.03404	0.399
1.15745	0.405
1.15319	0.377
1.03404	0.363
1.01277	0.445
1.1234	0.473
1.01702	0.406
1.11489	0.495
1.01277	0.316
1.13191	0.396
1.06383	0.436
0.92766	0.444
0.914894	0.403
0.889362	0.438
1	0.434
1.05106	0.446
1.10213	0.411
1.06809	0.398
0.919149	0.461
1.08511	0.48
0.965957	0.441
1.11064	0.438
1.00851	0.517
1.05532	0.537
0.978723	0.609
1.02979	0.409
1.06809	0.479
0.948936	0.532
0.931915	0.513
1.05106	0.537
1.17872	0.64
1.05532	0.549
1.0766	0.453
1.07234	0.581
0.957447	0.512
0.944681	0.432
1.04255	0.495
0.93617	0.46
1.11489	0.377
1.1234	0.4
1.12766	0.385
1.08085	0.448
1.04255	0.334
0.987234	0.357
1.04255	0.505
0.931915	0.419
1.04255	0.465
1.11064	0.414
0.965957	0.399
1.00851	0.408
0.987234	0.459
1.08936	0.487
0.919149	0.564
1.19574	0.436
1.11064	0.409
0.974468	0.458
0.974468	0.384
1.10213	0.509
1.0383	0.445
1.02128	0.403
1.08936	0.398
1.05957	0.373
0.974468	0.373
1.0383	0.399
1.11064	0.363
1.22553	0.4
1.04681	0.434
1.00426	0.475
1.00426	0.378
1.09362	0.345
1.02128	0.454
1.0766	0.394
1.12766	0.352
1.06809	0.423
1.04255	0.412
1.09362	0.377
1.0383	0.396
1.09787	0.34
1.10213	0.354
1.03404	0.365
0.919149	0.368
1.11064	0.348
1.14043	0.444
1.06809	0.358
0.978723	0.335
0.93617	0.43
0.995745	0.335
1.07234	0.397
0.965957	0.394
1.0766	0.353
1.06809	0.417
1.18723	0.391
0.995745	0.476
1.17447	0.408
1.23404	0.436
1.11915	0.53
0.991489	0.543
0.982979	0.591
1.03404	0.53
1.18298	0.509
1.14468	0.591
1.12766	0.566
1.03404	0.458
1.03404	0.536
1.02553	0.482
1.09362	0.476
0.982979	0.404
0.974468	0.559
1.11915	0.613
1.29787	0.634
1.03404	0.673
1.00851	0.585
1.17447	0.545
0.995745	0.615
0.987234	0.569
0.948936	0.645
1.0383	0.514
0.982979	0.557
1.00851	0.597
1.03404	0.53
1.13191	0.572
1.1234	0.496
1.0766	0.554
1.0766	0.429
1.0766	0.528
1.05106	0.501
0.92766	0.574
1.12766	0.609
1	0.651
0.957447	0.666
0.991489	0.527
1.01277	0.551
1.11489	0.585
1.08936	0.53
0.93617	0.484
1.08085	0.507
0.92766	0.57
0.876596	0.618
0.834043	0.533
1.22553	0.525
1.06383	0.519
0.902128	0.441
1.02128	0.544
0.953191	0.482
1.14468	0.503
0.961702	0.588
1.02979	0.502
1.0766	0.546
0.995745	0.527
1.03404	0.452
1.20851	0.464
0.991489	0.435
1.00426	0.414
1.05106	0.495
0.995745	0.446
1.03404	0.519
1.04255	0.362
1.11915	0.482
1.0383	0.521
1.17447	0.465
0.902128	0.446
1.21277	0.393
1.1234	0.37
0.919149	0.367
0.829787	0.481
0.987234	0.461
1.02979	0.539
0.910638	0.517
1.13617	0.547
1	0.569
1.04255	0.511
1.04255	0.457
0.978723	0.485
1.10213	0.467
0.902128	0.538
0.995745	0.405
0.953191	0.439
0.974468	0.518
1.08936	0.379
0.982979	0.53
0.93617	0.498
1.02553	0.478
1.05957	0.542
1	0.679
1.05532	0.462
0.995745	0.45
0.978723	0.415
0.906383	0.493
0.880851	0.52
1.00851	0.378
0.995745	0.398
0.974468	0.442
1.00851	0.407
0.914894	0.414
1.0766	0.497
1.08085	0.471
0.889362	0.627
1.00426	0.443
1.01277	0.48
0.940426	0.518
1.09362	0.523
1.2	0.628
0.897872	0.396
1.02128	0.537
0.982979	0.541
0.880851	0.487
0.970213	0.501
0.906383	0.47
1.01702	0.408
0.825532	0.613
1.03404	0.358
0.944681	0.413
1.02553	0.535
1.00426	0.489
1.05957	0.477
1.07234	0.414
1.0383	0.458
1.06383	0.439
1.0383	0.463
1.00426	0.67
0.974468	0.632
0.991489	0.393
1.05532	0.528
1.12766	0.539
1.02553	0.493
0.987234	0.535
0.885106	0.476
1.14043	0.423
0.978723	0.343
0.919149	0.417
1	0.4
0.906383	0.4
1.02979	0.501
1.02979	0.654
0.987234	0.544
1.0766	0.483
1.08936	0.461
0.817021	0.434
0.897872	0.536
0.910638	0.395
0.4	0.511
0.570213	0.44
0.685106	0.351
0.242553	0.478
0.161702	0.378
0.497872	0.401
0.646809	0.35
0.0170213	0.355
0.0297872	0.465
0.0340426	0.425
0.306383	0.165
0.242553	0.369
0.6	0.23
0.361702	0.061
0.0170213	0.338
0.438298	0.129
0.161702	0.412
0.0255319	0.37
0.110638	0.593
0.442553	0.65
0.46383	0.35
0.310638	0.37
0.625532	0.365
0.310638	0.418
0.523404	0.596
1.05106	0.202
1.13617	0.153
0.787234	0.363
0.710638	0.243
0.242553	0.612
0.621277	0.541
0.387234	0.578
0.12766	0.634
0.455319	0.62
0.425532	0.504
0.485106	0.418
0.446809	0.399
0.995745	0.536
0.578723	0.464
0.293617	0.356
0.451064	0.438
0.787234	0.54
0.161702	0.352
0.208511	0.423
0.344681	0.368
0.446809	0.386
0.123404	0.345
0.557447	0.451
0.429787	0.41
0.680851	0.204
0.965957	0.254
0.982979	0.039
0.421277	0.567
0.357447	0.438
0.302128	0.315
0.140426	0.41
0.310638	0.33
0.331915	0.362
0.182979	0.617
0.093617	0.437
0.153191	0.468
0.12766	0.166
0.425532	0.187
0.12766	0.265
0.412766	0.048
0.229787	0.322
0.442553	0.309
0.0893617	0.209
0.0978723	0.414
0.140426	0.502
0.0893617	0.348
0.285106	0.482
0.680851	0.316
0.370213	0.396
0.53617	0.353
0.455319	0.441
0.446809	0.438
0.6	0.551
0.187234	0.37
0.940426	0.371
0.595745	0.457
0.340426	0.404
0.353191	0.593
0.748936	0.613
0.361702	0.627
1.00426	0.548
0.931915	0.498
0.238298	0.517
0.229787	0.406
0.591489	0.687
0.604255	0.682
0.434043	0.582
0.476596	0.634
0.714894	0.604
0.710638	0.593
1.00426	0.559
0.638298	0.572
0.655319	0.596
0.53617	0.478
0.740426	0.544
0.893617	0.56
0.6	0.606
0.182979	0.657
0.140426	0.605
0.268085	0.556
0.0553191	0.489
0.795745	0.5
0.144681	0.562
0.340426	0.585
0.331915	0.75
0.46383	0.676
0.791489	0.532
0.66383	0.446
0.387234	0.479
0.574468	0.548
0.374468	0.526
0.195745	0.568
0.27234	0.515
0.442553	0.592
0.306383	0.66
0.442553	0.684
0.212766	0.693
0.67234	0.499
0.523404	0.531
0.740426	0.518
0.251064	0.57
0.187234	0.647
0.446809	0.612
0.770213	0.603
0.510638	0.619
0.438298	0.593
0.404255	0.576
0.574468	0.755
0.880851	0.641
0.540426	0.602
0.331915	0.361
0.302128	0.401
0.106383	0.398
0.195745	0.363
0.353191	0.36
0.204255	0.644
0.370213	0.577
0.374468	0.594
0.438298	0.371
0.795745	0.422
0.0212766	0.511
0.204255	0.634
0.00425532	0.611
0.297872	0.636
0.217021	0.381
0.012766	0.315
0.361702	0.414
1	0.429
0.6	0.462
0.578723	0.356
0.944681	0.157
1.11915	0.096
1.0766	0.344
1.17021	0.083
1.11915	0.052
0.991489	0.174
0.468085	0.338
0.161702	0.418
0.493617	0.448
0.859574	0.365
0.523404	0.404
0.634043	0.387
0.404255	0.375
0.404255	0.358
0.468085	0.483
0.540426	0.529
0.13617	0.348
0.319149	0.438
0.582979	0.472
0.451064	0.38
0.285106	0.452
0.344681	0.555
0.0468085	0.619
0.425532	0.505
0.523404	0.589
1.09787	0.56
0.67234	0.584
0.442553	0.486
0.617021	0.61
0.617021	0.519
0.285106	0.41
0.710638	0.373
0.519149	0.474
0.680851	0.364
0.4	0.476
0.914894	0.501
0.595745	0.452
0.680851	0.371
0.825532	0.408
0.370213	0.479
0.331915	0.48
0.0468085	0.42
0.00425532	0.368
0.642553	0.387
0.531915	0.388
0.689362	0.378
0.919149	0.504
0.374468	0.593
0.680851	0.583
0.795745	0.528
0.842553	0.626
0.676596	0.579
0.93617	0.626
0.314894	0.407
0.0893617	0.426
0.217021	0.44
0.297872	0.379
0.880851	0.631
0.53617	0.484
0.540426	0.421
0.310638	0.359
0.574468	0.369
0.680851	0.411
0.46383	0.351
0.93617	0.412
1.13191	0.397
1.10638	0.329
0.92766	0.143
1.05106	0.287
0.970213	0.23
1.14468	0.29
0.991489	0.086
1.13617	0.377
1.0383	0.622
1.09362	0.418
1.06809	0.548
0.948936	0.572
0.995745	0.664
0.914894	0.469
1.0766	0.662
0.93617	0.634
0.982979	0.641
1.05957	0.648
0.957447	0.542
0.880851	0.595
1.05957	0.617
1.05106	0.612
1.10638	0.572
1.13191	0.632
1.05957	0.597
1.03404	0.632
1.09787	0.562
1.00426	0.605
1.06809	0.591
1.1234	0.53
0.970213	0.452
1.17447	0.431
0.974468	0.352
1	0.36
0.92766	0.411
1.15319	0.399
0.974468	0.548
0.978723	0.589
0.804255	0.648
1.01277	0.636
1.03404	0.618
1.03404	0.631
0.991489	0.548
1.03404	0.636
0.851064	0.624
1.13191	0.611
1.06383	0.629
1.08936	0.641
1.17447	0.767
1.05532	0.636
1.01277	0.61
0.974468	0.635
0.902128	0.586
1.02553	0.593
1.02979	0.367
1.14043	0.5
0.944681	0.563
1.04681	0.469
1.06809	0.547
0.944681	0.583
1.0383	0.574
1.03404	0.357
1.06809	0.323
1.18298	0.436
1.09362	0.377
1.06809	0.375
1.11915	0.406
1.02979	0.371
1.11064	0.379
1.06383	0.418
0.953191	0.387
1	0.586
1.09362	0.35
0.961702	0.453
1.14468	0.558
0.753191	0.599
0.208511	0.646
1.05532	0.72
1.08936	0.646
1.15319	0.638
1.09362	0.622
0.940426	0.59
1.00426	0.608
1.04681	0.578
1.05106	0.593
1.00851	0.631
1.06809	0.478
1.07234	0.428
0.902128	0.54
1.00851	0.411
0.970213	0.397
1.03404	0.577
0.970213	0.553
1.05957	0.489
1.05532	0.539
0.995745	0.509
0.974468	0.595
1.22979	0.552
1.05106	0.463
0.953191	0.431
0.923404	0.358
0.995745	0.352
1.1234	0.415
1.02128	0.45
0.93617	0.372
1.0766	0.708
1.11915	0.343
1.06809	0.378
1.05532	0.469
1.02553	0.369
1.00851	0.482
0.923404	0.409
1.14894	0.392
0.910638	0.42
0.948936	0.458
1.02128	0.468
0.914894	0.548
0.931915	0.56
1.08936	0.716
1.07234	0.536
1.14468	0.607
1.03404	0.559
1.02979	0.592
1.14043	0.644
1.16596	0.486
1.12766	0.607
1.04255	0.623
1.04681	0.596
1.05957	0.535
0.987234	0.516
0.923404	0.554
0.93617	0.706
1.04681	0.779
1.16596	0.51
1.19574	0.439
0.957447	0.526
0.970213	0.634
1.11489	0.58
0.995745	0.69
1.02128	0.593
1.02979	0.607
1.00426	0.646
0.897872	0.622
1.02979	0.649
1.05532	0.787
1.06809	0.605
1.13617	0.623
0.889362	0.588
0.995745	0.557
1.17021	0.523
1.02979	0.565
0.991489	0.494
0.876596	0.507
0.995745	0.428
1.00426	0.546
1.11489	0.529
0.778723	0.441
1.22128	0.383
0.991489	0.366
1.0766	0.477
1.18298	0.497
1.15319	0.514
1.05106	0.392
1.03404	0.452
1.05106	0.424
1.02553	0.385
1.03404	0.428
0.859574	0.389
1.03404	0.441
0.991489	0.404
0.995745	0.342
0.953191	0.494
1.05106	0.412
1.2	0.436
0.953191	0.509
1.03404	0.385
1.13617	0.344
0.957447	0.364
0.940426	0.359
1.03404	0.453
0.974468	0.409
1.02979	0.418
1.08936	0.38
0.910638	0.471
1.08936	0.459
0.944681	0.425
1.00851	0.71
0.765957	0.406
0.978723	0.388
1.11915	0.381
0.991489	0.421
1.08936	0.386
1.02553	0.409
1.11489	0.368
1.05106	0.44
1.10213	0.358
1.15745	0.301
0.961702	0.428
0.87234	0.401
1.06383	0.344
0.970213	0.485
0.978723	0.427
0.919149	0.391
1.15745	0.359
1.14894	0.46
1.02553	0.448
1.12766	0.378
1.00426	0.368
0.906383	0.378
1.00426	0.357
0.970213	0.415
1.06383	0.313
0.982979	0.586
1.05532	0.528
0.970213	0.549
1.06809	0.389
1.13191	0.421
0.902128	0.453
1.13191	0.376
1.0766	0.387
1.05532	0.49
0.970213	0.526
0.897872	0.406
1.09787	0.394
0.931915	0.323
0.948936	0.471
1.00851	0.512
1.07234	0.497
1.05957	0.508
1.0766	0.387
0.987234	0.368
1.16596	0.448
1.15745	0.421
0.991489	0.474
1.02128	0.411
1.05532	0.385
1.06383	0.459
1.0383	0.483
1.12766	0.41
1.07234	0.418
0.991489	0.731
1.05532	0.638
1.17872	0.422
0.995745	0.445
1.13191	0.46
1.05532	0.667
1.12766	0.412
1.08085	0.496
1.05532	0.539
1.00426	0.501
1.04255	0.358
1.11064	0.349
0.970213	0.393
1	0.561
1.0766	0.542
0.885106	0.531
1.07234	0.411
1.02553	0.341
1.03404	0.506
1.03404	0.426
0.961702	0.455
0.982979	0.404
1.08085	0.471
1.14043	0.392
0.965957	0.379
0.842553	0.545
1.1234	0.522
0.923404	0.343
1.04681	0.589
1.04255	0.377
1.04681	0.401
1.06809	0.484
1.06383	0.523
1.10213	0.615
0.957447	0.587
1.09362	0.573
1.03404	0.666
1.11489	0.695
1.02128	0.617
1.05532	0.552
1.03404	0.452
0.931915	0.472
1	0.435
0.970213	0.34
1.10638	0.399
0.923404	0.402
1.00851	0.448
1.12766	0.378
1.01277	0.417
1.14894	0.478
1.04255	0.488
1.08936	0.431
1	0.567
0.961702	0.513
1.05532	0.448
1.05532	0.538
1.16596	0.547
1	0.413
1.05957	0.462
1.08511	0.451
1.02553	0.439
1.08936	0.419
0.991489	0.532
1.0383	0.561
1.01277	0.519
1.08936	0.485
1.02553	0.6
1.01702	0.451
0.982979	0.539
1.02979	0.591
1.11489	0.49
0.931915	0.558
1.01277	0.416
1.24681	0.525
1.0766	0.577
1.19574	0.478
0.851064	0.531
1.00851	0.415
0.931915	0.374
0.991489	0.387
1.04255	0.317
0.93617	0.351
0.965957	0.374
0.876596	0.376
0.991489	0.489
1.07234	0.575
1.01702	0.456
1.14043	0.542
1.05532	0.557
1.02128	0.426
1.13617	0.438
1.01702	0.503
0.914894	0.403
0.919149	0.385
1.02979	0.532
1.02128	0.642
0.982979	0.498
0.991489	0.554
0.948936	0.58
1.1234	0.412
1.11064	0.375
0.965957	0.403
1.04255	0.587
0.953191	0.601
0.953191	0.621
0.931915	0.498
1.08511	0.777
0.897872	0.631
1.13191	0.619
1.09362	0.639
1.05532	0.767
0.889362	0.642
1.04681	0.636
1.07234	0.671
1.02979	0.703
1.13191	0.688
0.961702	0.672
1.01277	0.72
1.08511	0.686
1.10638	0.62
1.06809	0.6
1.03404	0.649
1.15745	0.666
1.17447	0.562
1.02128	0.615
0.897872	0.641
1.13191	0.642
1.04681	0.621
0.961702	0.656
1.06809	0.621
1.11915	0.632
0.944681	0.619
1.02979	0.635
1.1617	0.657
1.0383	0.65
1.02128	0.545
0.931915	0.595
0.978723	0.657
1.00851	0.637
0.987234	0.68
1.14468	0.671
1.04681	0.628
0.885106	0.661
1.22128	0.688
0.982979	0.601
1.08936	0.702
0.838298	0.623
0.987234	0.633
0.957447	0.639
1.07234	0.779
1.05532	0.629
0.978723	0.57
1.09787	0.613
1.00426	0.541
1.17447	0.608
0.940426	0.443
1	0.607
1.06809	0.63
0.948936	0.628
1.08936	0.426
1.04681	0.348
1.00851	0.471
0.974468	0.577
1.06809	0.627
1.05957	0.622
1.04255	0.608
1.00851	0.592
1.08511	0.622
1.06383	0.601
1.22128	0.596
1.05532	0.543
1.08085	0.609
1.10638	0.53
0.859574	0.588
1.11915	0.496
1.00426	0.629
1.11064	0.624
1.13617	0.649
1.01702	0.643
0.987234	0.373
1.00426	0.403
0.965957	0.333
1.06383	0.341
1.1234	0.398
1.11489	0.323
0.978723	0.314
1.02979	0.447
0.906383	0.586
1.17021	0.633
1.05106	0.524
1.0383	0.567
1.01702	0.599
0.876596	0.657
1.11064	0.663
1.18298	0.375
1.02979	0.369
1.03404	0.388
0.978723	0.474
1.03404	0.428
1.03404	0.336
0.889362	0.378
1.01277	0.381
1.04681	0.609
1.13191	0.653
1.06383	0.65
1.13191	0.653
1.1234	0.626
0.970213	0.65
1.01277	0.652
1.15745	0.619
1.12766	0.595
1.06383	0.572
1.12766	0.549
1	0.608
0.893617	0.621
1.14894	0.59
1.03404	0.501
1.05532	0.583
1.04681	0.613
0.961702	0.548
1.04255	0.532
1.11915	0.564
1.14894	0.622
1.00426	0.636
1.18723	0.491
1.04681	0.609
1.11489	0.521
0.923404	0.544
1.16596	0.528
0.931915	0.435
1.16596	0.455
1.01702	0.515
0.93617	0.566
0.970213	0.416
1.10638	0.649
1.14894	0.433
1.20851	0.448
1.04681	0.536
1.13191	0.591
1.05957	0.556
1.02553	0.649
1.05957	0.504
1.03404	0.598
1.03404	0.63
1.09787	0.639
0.995745	0.619
0.970213	0.57
1.05532	0.652
0.902128	0.65
0.931915	0.671
1.13617	0.607
1.13617	0.63
1.0766	0.624
1.1617	0.636
0.978723	0.624
1.02128	0.645
1.04255	0.601
1.19149	0.59
1.13191	0.611
1.19149	0.642
0.919149	0.684
1.08511	0.614
1.00426	0.602
0.906383	0.537
1.17021	0.543
1.04255	0.627
0.978723	0.631
1.37021	0.621
0.991489	0.566
1.05532	0.316
1.00851	0.346
0.957447	0.393
1.15745	0.461
0.948936	0.482
1.10638	0.553
0.944681	0.591
0.923404	0.572
1.04255	0.761
1.09787	0.616
1.02553	0.59
1.10213	0.673
0.991489	0.526
1.0383	0.555
1.24255	0.547
1.1234	0.571
1.01277	0.608
1.06383	0.548
0.965957	0.519
1.02979	0.57
1.11064	0.454
1.02553	0.632
1.10638	0.554
1.02979	0.617
0.970213	0.415
0.93617	0.62
0.965957	0.612
1.15319	0.595
1.0383	0.543
0.995745	0.482
1.02128	0.554
0.910638	0.479
1.04681	0.427
0.948936	0.538
1.08511	0.698
1.28085	0.557
1.00851	0.536
0.948936	0.554
0.93617	0.526
1.0766	0.578
0.889362	0.379
1.04255	0.36
1.14043	0.408
1.08511	0.541
1.17447	0.585
0.974468	0.605
0.953191	0.557
1.11489	0.611
0.987234	0.648
1.08085	0.622
1.02979	0.65
1.04255	0.748
1.00851	0.486
1.14894	0.58
1.04681	0.605
1.0766	0.523
1.02128	0.584
1.02128	0.779
1.13191	0.697
1.0766	0.603
1.11064	0.599
1.21277	0.635
1.14468	0.624
0.92766	0.649
1.0766	0.636
1.01277	0.646
0.93617	0.686
1.09362	0.635
0.957447	0.654
1.08085	0.612
0.906383	0.664
1.06383	0.666
0.970213	0.677
1.00851	0.704
1.07234	0.516
1.08511	0.642
1.05532	0.634
1.1617	0.61
1.12766	0.648
1.05957	0.631
0.957447	0.611
0.961702	0.564
1.04255	0.585
1.02553	0.567
1.09362	0.637
1.0766	0.64
1.0383	0.556
0.897872	0.584
0.919149	0.625
1.02128	0.6
0.906383	0.628
0.974468	0.665
1.05532	0.644
1.11064	0.642
1.08085	0.624
1.06383	0.61
1.14043	0.576
0.944681	0.615
1.01702	0.543
0.987234	0.598
1.13191	0.62
1.02979	0.632
1.11489	0.622
1.11489	0.634
1.03404	0.632
1.18723	0.61
1.01702	0.631
1.05957	0.609
0.953191	0.58
0.991489	0.635
0.953191	0.63
0.978723	0.642
1.03404	0.64
0.978723	0.594
0.944681	0.639
0.902128	0.613
0.923404	0.44
0.93617	0.587
1.01277	0.63
1.08511	0.621
0.957447	0.629
1.02128	0.632
1.00851	0.636
0.991489	0.654
1.10213	0.61
1.10213	0.625
1.01277	0.603
1.03404	0.589
0.931915	0.639
1.00426	0.65
1.13617	0.645
1.07234	0.651
1.06809	0.67
1.0383	0.638
1.10638	0.628
1.16596	0.644
1.04255	0.649
1.09362	0.614
0.944681	0.53
0.970213	0.581
1.12766	0.503
1.02553	0.563
0.978723	0.545
1.02128	0.636
0.974468	0.618
1.0383	0.652
0.957447	0.622
0.897872	0.607
0.944681	0.635
1.0766	0.694
0.991489	0.731
1.05957	0.633
1.05532	0.631
0.995745	0.599
1.04255	0.626
1.02128	0.629
0.919149	0.612
0.897872	0.641
0.995745	0.638
1.08085	0.594
1.02979	0.621
1.06809	0.627
1.0766	0.647
0.910638	0.612
0.944681	0.569
1.08936	0.628
1.10213	0.631
1.06809	0.742
1.05532	0.57
0.974468	0.556
0.906383	0.621
1.07234	0.586
1.05532	0.628
0.889362	0.534
1.08085	0.627
0.87234	0.543
0.991489	0.631
0.965957	0.636
0.825532	0.646
1.02979	0.646
1.15745	0.679
0.982979	0.467
0.710638	0.437
0.765957	0.263
0.676596	0.352
0.825532	0.385
0.974468	0.183
1.0383	0.129
0.761702	0.373
0.468085	0.332
0.778723	0.412
0.523404	0.505
0.331915	0.415
0.276596	0.354
0.846809	0.373
0.902128	0.42
0.629787	0.353
1.06383	0.567
1.01277	0.69
1.14043	0.678
0.868085	0.695
1.14043	0.681
1.11915	0.688
0.876596	0.697
0.965957	0.678
1.01702	0.458
1.02553	0.489
0.906383	0.379
0.953191	0.522
0.812766	0.4
0.740426	0.47
0.957447	0.368
1.11064	0.421
0.93617	0.366
1.05532	0.348
1.00851	0.329
1.10638	0.391
1.02979	0.482
0.953191	0.62
0.944681	0.589
1	0.625
1.14043	0.42
1.02553	0.343
1.10638	0.602
0.974468	0.541
0.93617	0.501
1.01702	0.621
1.10213	0.418
1.09362	0.456
0.93617	0.421
1.08511	0.499
0.965957	0.627
1.08085	0.653
1.05957	0.725
1.13191	0.626
1.05532	0.57
1.02979	0.67
1.10213	0.662
1.04255	0.717
1.05957	0.585
0.995745	0.544
1.08511	0.704
1.04255	0.715
1.02553	0.652
1.03404	0.595
1.01702	0.592
0.93617	0.473
1.05957	0.53
1.11489	0.413
0.902128	0.37
0.991489	0.517
1.0766	0.489
0.944681	0.548
1.08511	0.507
1.02979	0.405
0.970213	0.505
1.22128	0.433
1.07234	0.494
1.05106	0.467
0.906383	0.497
1.11489	0.763
1.00851	0.578
1.05106	0.55
1.0383	0.471
0.93617	0.425
1.06383	0.51
1.07234	0.522
1.10213	0.481
1.18723	0.475
1.0383	0.504
1.08511	0.457
0.923404	0.529
0.953191	0.549
1.0383	0.388
1.02553	0.406
1.09362	0.452
1.04255	0.53
1.14894	0.568
1.12766	0.585
1.11915	0.489
0.991489	0.41
1.06383	0.441
1.11064	0.517
0.974468	0.521
0.876596	0.547
0.982979	0.472
1.03404	0.561
0.982979	0.594
1.08085	0.658
0.991489	0.599
1.05106	0.631
1.14043	0.623
1.16596	0.612
0.92766	0.626
1.14043	0.542
0.948936	0.494
1.20426	0.561
1.03404	0.515
0.948936	0.551
1.04681	0.588
1.15319	0.614
1.08085	0.642
1.23404	0.584
1.06809	0.537
1	0.472
1.02553	0.568
0.995745	0.449
1.01702	0.589
1.07234	0.62
1.04681	0.591
1	0.411
1.10213	0.427
0.893617	0.478
1.17021	0.513
1.08085	0.531
1.05957	0.549
1.01702	0.381
1.02128	0.518
0.87234	0.485
1.0383	0.331
0.978723	0.305
1.2	0.309
1.11915	0.352
0.982979	0.356
0.974468	0.442
1.13191	0.664
1.06383	0.666
1.01702	0.693
1.14894	0.298
1.08936	0.354
0.957447	0.303
0.982979	0.335
1.14043	0.342
0.957447	0.359
0.876596	0.402
0.974468	0.478
0.919149	0.436
1.18723	0.521
0.940426	0.606
0.970213	0.612
0.880851	0.553
0.919149	0.582
1.05106	0.689
0.876596	0.684
0.944681	0.458
0.680851	0.643
0.93617	0.593
0.885106	0.602
0.995745	0.509
1.0383	0.572
1.0383	0.594
1.02553	0.548
1.01702	0.523
1.06809	0.498
0.693617	0.577
0.991489	0.558
1.02553	0.332
1.02979	0.515
1.2	0.433
0.893617	0.532
1.06383	0.467
0.995745	0.454
1.01702	0.505
1.14468	0.367
1.0383	0.483
0.880851	0.477
1.08511	0.458
1.1234	0.464
1.03404	0.436
1.0766	0.501
0.982979	0.402
1.00426	0.364
1.0383	0.531
0.982979	0.442
0.974468	0.481
1.08511	0.518
0.880851	0.544
1.01277	0.438
0.978723	0.415
1.09362	0.43
1.02128	0.487
1.02553	0.401
1.11489	0.413
1.08511	0.424
0.961702	0.393
0.970213	0.36
1.09362	0.404
0.944681	0.45
1.09362	0.467
0.923404	0.364
1.03404	0.39
1.10638	0.38
1.06383	0.462
1.05106	0.412
0.948936	0.444
0.868085	0.684
1.08936	0.517
1.2	0.535
1.11064	0.499
1.06383	0.438
0.970213	0.51
1.03404	0.464
1.11489	0.486
1.02553	0.543
1	0.442
0.940426	0.494
1.02979	0.466
1.02128	0.385
0.92766	0.374
1.11915	0.44
1	0.501
1.01702	0.711
0.995745	0.349
1.13191	0.467
0.957447	0.458
0.93617	0.461
1.10638	0.496
0.919149	0.424
0.995745	0.366
0.982979	0.407
0.825532	0.414
1.07234	0.454
1.01277	0.482
0.957447	0.429
1	0.557
0.982979	0.694
0.970213	0.476
1.22128	0.544
1.0383	0.529
1.02128	0.576
1.05106	0.733
1.13191	0.619
1.12766	0.653
1.02553	0.638
0.974468	0.621
0.991489	0.624
1.12766	0.601
0.923404	0.581
1.0383	0.658
1.09787	0.555
0.995745	0.558
1.00426	0.607
0.961702	0.645
1.01277	0.623
1.26809	0.65
0.978723	0.659
0.978723	0.621
0.953191	0.598
0.86383	0.625
1.17021	0.566
0.923404	0.624
1.02553	0.641
1.1234	0.482
0.931915	0.539
1.12766	0.519
1.08085	0.585
1.05957	0.634
1.15319	0.607
0.965957	0.559
1	0.562
1.13191	0.621
0.982979	0.59
0.965957	0.633
1.02128	0.683
1.12766	0.515
1.14468	0.423
0.906383	0.564
0.923404	0.589
0.965957	0.616
0.897872	0.538
0.957447	0.551
1.18298	0.544
1.00851	0.573
0.876596	0.52
1.09362	0.451
0.93617	0.416
1.08936	0.473
1.00851	0.484
1.04255	0.52
1.03404	0.612
1.08936	0.589
0.987234	0.444
1.09787	0.362
0.897872	0.398
1.0383	0.418
0.92766	0.462
1.12766	0.458
0.974468	0.46
1.05957	0.519
1.09787	0.384
1.11489	0.354
0.931915	0.318
0.974468	0.34
1.00851	0.379
0.804255	0.399
0.26383	0.414
0.32766	0.567
0.0425532	0.615
0.621277	0.523
0.621277	0.608
0.455319	0.437
0.47234	0.374
0.32766	0.389
0.208511	0.484
0.157447	0.394
0.255319	0.431
0.0340426	0.376
0.0808511	0.406
0.544681	0.603
0.106383	0.503
0.395745	0.413
0.587234	0.378
0.6	0.256
0.748936	0.37
0.553191	0.44
0.523404	0.369
0.714894	0.18
0.795745	0.1
0.812766	0.362
0.646809	0.367
0.242553	0.321
0.191489	0.346
0.302128	0.423
0.425532	0.378
0.46383	0.366
0.276596	0.354
0.570213	0.482
0.578723	0.434
0.757447	0.642
0.531915	0.554
0.455319	0.389
0.289362	0.357
0.370213	0.442
0.497872	0.466
0.27234	0.413
0.425532	0.575
0.32766	0.547
0.957447	0.607
0.157447	0.623
0.519149	0.626
0.595745	0.585
0.817021	0.549
0.476596	0.511
1.00851	0.577
0.629787	0.533
0.53617	0.578
0.331915	0.386
0.757447	0.49
0.770213	0.418
0.8	0.409
0.208511	0.427
0.238298	0.457
0.897872	0.481
0.66383	0.46
0.859574	0.414
0.765957	0.388
0.348936	0.529
0.314894	0.505
0.165957	0.348
0.217021	0.489
0.612766	0.333
0.6	0.474
0.617021	0.425
0.4	0.398
0.157447	0.442
0.365957	0.546
0.693617	0.599
0.629787	0.533
0.67234	0.625
0.157447	0.569
0.157447	0.623
0.191489	0.574
0.0808511	0.412
0.106383	0.355
0.0680851	0.375
0.26383	0.435
0.740426	0.557
0.404255	0.455
0.0638298	0.357
0.323404	0.383
0.251064	0.391
0.178723	0.362
0.502128	0.439
0.340426	0.354
0.565957	0.372
0.87234	0.329
0.970213	0.106
0.834043	0.242
0.153191	0.409
0.302128	0.304
0.561702	0.277
0.370213	0.424
0.502128	0.375
0.323404	0.377
0.119149	0.601
0.212766	0.591
0.434043	0.653
0.387234	0.484
0.32766	0.356
0.153191	0.37
0.353191	0.339
0.52766	0.4
0.459574	0.366
0.442553	0.599
0.587234	0.626
1.10638	0.623
0.561702	0.697
0.451064	0.667
0.676596	0.59
0.340426	0.642
0.52766	0.616
0.331915	0.653
0.365957	0.616
0.868085	0.547
0.680851	0.568
0.582979	0.49
0.591489	0.515
0.476596	0.526
0.212766	0.647
0.00851064	0.694
0.0468085	0.594
0.0808511	0.592
0.268085	0.522
0.255319	0.468
0.608511	0.559
0.621277	0.537
0.523404	0.483
0.365957	0.449
0.361702	0.779
0.276596	0.543
0.242553	0.567
0.0382979	0.519
0.148936	0.487
0.182979	0.478
0.0595745	0.532
0.178723	0.603
0.0723404	0.593
0.187234	0.598
0.148936	0.637
0.387234	0.638
1.0383	0.652
1.11064	0.653
1.04255	0.562
0.93617	0.596
1.01702	0.557
0.897872	0.407
1.10638	0.514
0.612766	0.581
0.353191	0.505
0.468085	0.612
0.834043	0.669
0.565957	0.7
0.493617	0.624
0.8	0.592
0.557447	0.548
0.608511	0.576
0.689362	0.482
0.689362	0.53
0.531915	0.547
0.446809	0.578
0.748936	0.573
0.370213	0.642
0.195745	0.625
0.255319	0.595
0.0680851	0.604
0.0553191	0.507
0.191489	0.557
0.451064	0.587
0.229787	0.568
0.2	0.622
0.32766	0.782
0.0510638	0.528
0.553191	0.476
0.506383	0.45
0.280851	0.549
0.544681	0.52
0.187234	0.492
0.33617	0.522
0.170213	0.599
0.00851064	0.705
0.170213	0.595
1.24681	0.483
1.06383	0.478
0.846809	0.512
0.574468	0.533
1.19574	0.526
1.02979	0.582
0.970213	0.389
1	0.469
0.991489	0.5
0.991489	0.494
1.01702	0.531
0.87234	0.579
1.10638	0.449
0.965957	0.415
1.10638	0.462
1.08936	0.439
0.995745	0.487
0.957447	0.519
0.931915	0.532
1.11915	0.468
1.02553	0.548
1.1234	0.532
0.974468	0.517
0.880851	0.631
1.11489	0.702
1.08936	0.582
1.12766	0.621
0.897872	0.603
0.914894	0.498
1.17021	0.703
1.18723	0.531
0.957447	0.545
1.07234	0.501
0.970213	0.673
1.00851	0.535
1.02128	0.671
1.0383	0.597
1.09787	0.499
1.15745	0.578
1.11064	0.548
1.05532	0.517
0.982979	0.659
1.17447	0.53
1.02979	0.6
0.846809	0.523
1.02553	0.573
0.974468	0.628
1.13617	0.478
1.03404	0.616
0.944681	0.557
